TRMM
1 25063U 97074A   11130.20598286  .00013273  00000-0  18660-3 0  6592
2 25063 034.9640 081.2155 0001042 240.3761 119.6798 15.55777853 76795 4
ISS
1 25544U 98067A   11142.17284722  .00024599  00000-0  16294-3 0  3956
2 25544 051.6496 294.2377 0003229 300.8015 045.5563 15.75372973716809
GOES 15 [S]
1 36411U 10008A   11141.36710741 -.00000195  00000-0  10000-3 0  5997
2 36411   0.2033  94.3306 0003181  19.3533 167.7933  1.00263104  4475
BEESAT
1 35933U 09051C   11142.74341198  .00007845  00000-0  19109-2 0   766
2 35933  98.3270 243.2388 0006011 249.7937 110.2130 14.52974969 88069
FENGYUN 1C DEB
1 29798U 99025CQ  11142.44706039  .00001466  00000-0  12635-2 0  3891
2 29798  99.1845 104.7745 0125008 202.1659 157.4050 13.84670856219891
MOLNIYA 1-80
1 21118U 91012A   11143.19996718  .00001624  00000-0  10000-3 0  9689
2 21118  61.5173 167.5509 7226342 262.1190  18.0333  2.00292439148482
MOLNIYA 1-90
1 24960U 97054A   11144.03630788  .00004208  00000-0  10126-2 0   810
2 24960  62.9151 336.7013 7509253 254.4350 139.3589  2.01230451100146
